9
9.848644e-01 1.913634e-03 1.733160e-01 -3.186298e-03 9.999700e-01 7.065104e-03 -1.732973e-01 -7.510406e-03 9.848409e-01 1.029800e+00 -1.364580e+00 3.469385e+00
9.388523e-01 3.326165e-03 3.443041e-01 -7.798675e-03 9.999022e-01 1.160592e-02 -3.442318e-01 -1.358136e-02 9.387865e-01 5.781685e-01 -1.812558e+00 7.349773e+00
8.648836e-01 3.137871e-03 5.019626e-01 -1.395509e-02 9.997443e-01 1.779506e-02 -5.017784e-01 -2.239559e-02 8.647062e-01 2.971195e+00 -3.819908e+00 9.853344e+00
7.602526e-01 3.391136e-03 6.496187e-01 -2.018236e-02 9.996270e-01 1.840129e-02 -6.493140e-01 -2.710047e-02 7.600374e-01 1.476268e+00 -3.045493e+00 1.410806e+01
7.620751e-01 1.217501e-01 6.359390e-01 -1.431789e-02 9.850910e-01 -1.714373e-01 -6.473303e-01 1.215428e-01 7.524565e-01 -2.985646e+00 2.402273e+00 2.579069e+00
8.604221e-01 9.709908e-02 5.002456e-01 -1.051917e-02 9.848534e-01 -1.730698e-01 -5.094735e-01 1.436509e-01 8.484110e-01 -6.197133e+00 -5.597578e-01 -1.006443e+00
9.376374e-01 6.653030e-02 3.411888e-01 -5.507164e-03 9.842338e-01 -1.767867e-01 -3.475712e-01 1.638829e-01 9.232208e-01 -3.345369e+00 -1.091265e-01 -6.067560e+00
9.832120e-01 3.495410e-02 1.790876e-01 -1.857618e-03 9.833467e-01 -1.817299e-01 -1.824574e-01 1.783463e-01 9.669032e-01 -3.967374e+00 6.952833e-01 -9.342703e+00
9.999739e-01 -6.863420e-04 7.194925e-03 2.028686e-03 9.821158e-01 -1.882669e-01 -6.937034e-03 1.882765e-01 9.820916e-01 -1.151181e+00 1.572167e+00 -1.300342e+01
