10
1.0 0.0 0.0 0.0 1.0 0.0 0.0 0.0 1.0 0.0 0.0 0.0
9.853968e-01 3.189005e-03 1.702437e-01 -4.308414e-03 9.999715e-01 6.206295e-03 -1.702191e-01 -6.849144e-03 9.853824e-01 2.519115e+00 -8.369181e-01 2.789909e+00
9.392705e-01 5.735916e-03 3.431297e-01 -1.022176e-02 9.998843e-01 1.126613e-02 -3.430253e-01 -1.408933e-02 9.392205e-01 1.764674e+00 -1.425775e+00 7.181245e+00
8.676448e-01 5.731669e-03 4.971515e-01 -1.650912e-02 9.997143e-01 1.728652e-02 -4.969104e-01 -2.320609e-02 8.674915e-01 5.680201e+00 -3.016058e+00 9.247374e+00
7.644233e-01 6.292654e-03 6.446839e-01 -2.283112e-02 9.995894e-01 1.731480e-02 -6.443103e-01 -2.795469e-02 7.642531e-01 4.982439e+00 -1.528774e+00 1.342194e+01
7.625675e-01 1.189399e-01 6.358806e-01 -2.072382e-02 9.869396e-01 -1.597519e-01 -6.465767e-01 1.086438e-01 7.550729e-01 -2.612298e+00 -6.451108e-01 2.221148e+00
8.630939e-01 9.251375e-02 4.964979e-01 -1.354624e-02 9.869663e-01 -1.603557e-01 -5.048618e-01 1.316764e-01 8.530978e-01 -3.306256e+00 -2.201958e+00 -1.930794e+00
9.374692e-01 6.543906e-02 3.418615e-01 -7.263527e-03 9.856319e-01 -1.687511e-01 -3.479925e-01 1.557158e-01 9.244749e-01 -2.383799e+00 9.847299e-01 -5.426968e+00
9.836916e-01 3.436880e-02 1.765494e-01 -2.853496e-03 9.844325e-01 -1.757400e-01 -1.798409e-01 1.723702e-01 9.684760e-01 -1.745931e+00 2.528076e+00 -9.082662e+00
9.999753e-01 -5.696107e-04 7.011005e-03 1.822983e-03 9.836477e-01 -1.800943e-01 -6.793775e-03 1.801026e-01 9.836244e-01 -6.956773e-02 1.918425e+00 -1.299170e+01
