9
9.853968e-01 -4.308414e-03 -1.702191e-01 3.189005e-03 9.999715e-01 -6.849144e-03 1.702437e-01 6.206295e-03 9.853824e-01 -5.806320e+01 3.052238e+02 -1.257703e+03
9.839877e-01 -4.876697e-03 -1.781697e-01 3.742512e-03 9.999705e-01 -6.701297e-03 1.781971e-01 5.927192e-03 9.839770e-01 1.646713e+02 3.119091e+02 -1.238754e+03
9.855748e-01 -4.529336e-03 -1.691797e-01 3.125029e-03 9.999584e-01 -8.566023e-03 1.692115e-01 7.913765e-03 9.855480e-01 3.700251e+02 3.207117e+02 -1.183383e+03
9.837893e-01 -3.491252e-03 -1.792942e-01 2.848425e-03 9.999886e-01 -3.842632e-03 1.793055e-01 3.269635e-03 9.837880e-01 5.735219e+02 3.260521e+02 -1.089960e+03
9.999935e-01 2.158117e-03 -2.892084e-03 -1.612812e-03 9.842457e-01 1.767986e-01 3.228074e-03 -1.767928e-01 9.842428e-01 5.755444e+02 1.278773e+02 -1.139535e+03
9.848799e-01 3.443686e-02 1.697812e-01 -3.504459e-02 9.993856e-01 5.831830e-04 -1.696568e-01 -6.524279e-03 9.854816e-01 3.783804e+02 1.035117e+02 -1.238575e+03
9.849104e-01 3.373755e-02 1.697446e-01 -3.548653e-02 9.993436e-01 7.279455e-03 -1.693876e-01 -1.319326e-02 9.854612e-01 1.687856e+02 8.143062e+01 -1.293293e+03
9.847845e-01 3.355528e-02 1.705094e-01 -3.491431e-02 9.993779e-01 4.977254e-03 -1.702363e-01 -1.085474e-02 9.853435e-01 -4.876120e+01 7.252714e+01 -1.311438e+03
9.848838e-01 3.499151e-02 1.696451e-01 -3.575698e-02 9.993595e-01 1.458204e-03 -1.694854e-01 -7.502156e-03 9.855041e-01 -2.655979e+02 7.186658e+01 -1.292300e+03
